-737.13	-860.364	985.224
-2156.96	1825.87	1800.66
482.526	2294	1222.92
-1626.26	1770.12	1383.84
495.553	564.576	1684.52
-1813.89	744.56	1414.5
2139.61	2170.75	1761.4
-1176.89	2227.5	1679.88
1322.96	-1638.96	1289.28
2156.21	-1616.27	1428.91
-2447.05	-2049.4	1109.95
1319.29	-1205.21	1638.06
789.511	-1155.21	1485.8
-939.615	-2371.72	1072.1
562.99	-636.871	1182.9
-780.799	-971.946	1453.57
1303.41	-2430.98	1670.1
-14.7222	86.4804	1243.33
-2040.72	-2265.66	1747.11
2339.47	-1180.49	1575.47
1855.2	2355.56	1026.63
-1076.05	467.744	1256.7
-584.778	-646.223	1365.53
1973.29	-715.608	1498.24
592.74	-432.557	1911.96
981.909	-2251.37	1015.7
2357.75	-1206.14	1621.44
-1733.02	-251.999	1390.06
1186.79	-1597.43	1881.93
-490.058	-572.379	1911.55
-1209.63	658.697	1876.16
2234.66	1597.44	1001.25
17.6356	1525.79	1225.22
-848.148	-2202.76	1035.4
1275.29	-1865.33	1841.64
-1076.06	-1204.81	1732.32
-1581.34	-2058.1	1731.85
-2155.86	666.512	1503.6
2066.42	2124.16	1768.4
-2171.45	1436.62	1088.66
1500.7	-639.662	1072.27
-400.501	-1747.5	950.358
-578.602	-1133.01	1198.18
1252.01	-4.80986	1618.3
-1183.16	-2269.09	1797.12
851.762	-1166.81	1837.86
1823.21	-1473.94	1264.33
2161.77	-732.188	1965.01
-663.622	1308.71	1945.79
-684.023	-2126.87	1554.37
-1102.16	-1942.7	1578.04
-336.498	-1922.93	1728.52
-262.477	-1642.23	1160.8
-1852.98	-1655.74	1154.46
33.4316	403.963	1563.92
-2346.79	1065.61	1309.33
1049.37	-10.8417	1088.27
1009.45	-2043.65	1295.93
545.199	-289.041	983.98
1673.68	846.924	1118.65
1461.24	-1804.65	1206.14
-1035.6	2353.37	1787.15
-2188.67	-1415.89	1184.5
338.582	-2378.98	1873.91
2159.5	-2331.33	982.76
-119.856	-1534.12	987.609
-2039.4	-545.894	1738.75
589.941	552.092	1671.76
-828.987	1426.84	1590.99
1396.11	-1362.73	1940.32
-481.051	739.427	1886.74
-1094	2200.06	1105.99
879.36	2407.13	1289.76
764.39	519.365	1706.96
-1228.08	-914.147	1849.04
-235.095	527.727	1515.89
-1053.02	863.488	1529.97
2403.53	2000.12	1183.97
-776.362	1114.44	1180.49
-1415.51	37.1406	1719.48
-1764.52	-225.368	1294.11
1382.7	-2131.3	1462.58
1440.17	-99.1829	1137.21
-303.085	1805.16	1740.55
-957.087	2434.6	1482.39
1522.86	-1691.12	1883.62
-1563.32	1359.59	1935.45
-2071.08	592.814	1449.87
-391.3	-1111.96	1003.04
-1762.88	1489.19	1648.98
-1083.93	-257.168	1159.76
808.162	2065.37	1598.8
1975.69	-2057.86	1243.32
-1005.9	841.961	1033.14
1274.76	-1855.04	1962.26
-2229.81	2352.39	1706.47
1375.26	2186.07	1606.93
-2084.58	1501.22	1885.1
1786.19	-1669.72	1393.32
-449.748	-1443.28	1366.61
860.602	1434.76	1911.03
-1669.23	570.425	1789.01
-478.025	2007.33	1108.68
-301.232	2208.28	1135
-1267.87	-2301.72	1239.36
1453.53	67.5021	1375.05
-8.83278	-1458.14	1278.12
-274.866	-2233.81	1747.97
345.273	-407.596	1112.54
1516.44	-1779.66	1107.69
1696.28	-2084.7	1441.61
919.28	2418.66	1496.13
278.308	-512.599	1729.03
2173.21	-1166.25	1630.44
713.247	569.822	1076.03
-1302.87	159.146	1880.7
1163.56	-980.307	1258.75
-2289.06	543.786	1263.8
-631.776	-2018.97	1298.64
-62.1257	934.654	1668.8
1635.98	556.72	1157.13
-1917.04	-1161.56	1350.04
1979.31	-1122.29	1537.93
1184.68	661.281	1505.03
2486.25	892.71	1130.64
-976.938	-1433.9	1717.59
1332.02	-985.08	1701.4
335.986	1650.89	1855.43
1547.28	-2399.61	1606.55
-2046.29	-1071.04	1643.94
74.0365	688.604	1697.84
1124.06	-1525.36	1302.39
2137.45	-2001.06	1047.83
-1980.58	728.233	1768.92
102.102	-437.657	1963.03
-2145.93	1262.93	1326.87
2478.18	1607.4	1149.84
-624.754	1763.12	1910.16
-1131.85	827.225	1763.05
2424.77	2223.9	1679.51
-131.183	2370.09	964.805
-2172.58	-890.782	1808.26
1944.64	1989.39	1542.46
1640.75	1184.07	1014.15
705.2	1701.89	1410.79
691.784	120.455	1586.49
-1064.56	795.281	1023.48
-2324.38	-1773.77	1078.49
-2413.4	-2077.12	1918.63
-401.054	2246.87	1144.71
-610.095	647.615	1246.58
1436.82	293.503	1256.21
-449.756	1124.79	1944.07
660.04	380.462	1938.76
-2416.47	1367.24	1237.18
-664.808	-62.3865	1744.08
-2275.02	1431.75	1659.8
2486.38	-1647.02	1952.13
-5.03424	-328.054	1070.49
1880.88	135.384	1637.91
-615.25	-1646.54	1285.32
549.101	1631.57	1622.65
-1712.3	-2253.97	1415.44
-102.314	1889.62	1182.19
-1641.44	-2497.16	1195.18
-330.428	-538.267	1823.54
-2241.57	3.23711	1951.79
-1054.48	-1384.75	1989.1
-193.518	5.17376	1868.9
234.552	1683.94	1676.65
-1299.12	78.642	1403.46
852.436	2097.59	1168.31
-2338.65	-1500.79	1618.04
-1860.94	-275.622	1038.72
-1557.77	796.684	1685.4
601.037	585.069	1095.64
-637.827	-1624.3	1373.35
-2444.68	1637.01	1680.82
-536.947	-1532.76	1811.16
-369.54	-1861.25	950.102
1628.05	-1178.8	1819.6
-59.5245	-1830.96	1807.94
-48.7622	-1034.84	1380.25
-388.765	-1920.56	1241.44
1179.77	-1269.27	1539.07
-2020.03	86.6117	1164.31
376.471	1573.94	1039.47
1924.29	-349.598	1606.99
-527.271	892.802	1313.98
-2444.97	-1896.31	975.114
-1678.35	709.529	1057
-487.676	-1142.2	1337.24
73.7506	-891.051	1194.01
-471.763	2296.74	1494.06
-1796.4	-203.702	1382.57
1516.12	-1483.28	1976.71
-406.487	2428.06	1972
1057.99	653.43	1711.69
1702.78	1848.09	1619.57
-965.129	1875.15	1949.09
508.725	581.454	1793.84
-343.159	-1264.8	1784.63
2064.61	1830.79	1833.89
-2442.39	1850.84	1803.59
-2.01533	-1263.12	1894.2
-1468.49	884.254	1918.5
-1504.45	266.704	1180.13
2471.69	2465.79	1091.54
418.347	-1396.44	1212.01
28.8346	2462.71	1154.82
282.677	1409.87	1662.24
-1580.69	761.047	1811.91
-67.5409	-654.031	1639.32
-1061.59	736.901	1046.53
-129.454	2464.29	1751.26
-2385.6	41.2294	1192.86
168.574	-1271.88	1454.73
-1992.94	2260.6	1572.89
1595.32	109.068	1024.19
-45.245	1141.59	1580.92
-692.146	-616.661	1693.14
-1585.89	-1410.79	1343.8
620.866	-2494.99	1873.38
2241.79	752.068	1912.71
-905.011	-686.677	1325.78
1366.18	-393.007	1898.05
1622.4	17.6067	1698.57
1819.21	-1209.29	1072.23
-1745.65	31.7486	1506.66
961.689	-2062.76	1657.25
816.2	-104.16	1032.06
1018.19	1583.81	1111.32
2277.68	-249.511	1321.08
1229.83	-344.846	1131.23
2232.49	1309.85	1549
-1337.54	-513.149	1521.38
2216.98	-1384.89	1436.3
-0.544767	365.816	1983.09
-715.529	-52.0312	1758.93
-1657.03	492.081	1563.04
2459.08	-664.315	1819.71
-348.498	868.275	999.807
353.31	1329.23	1336.7
-1906.42	1044.4	1695.6
-383.376	-1396.75	1102.99
-1068.79	1543.48	1431.66
-774.912	385.293	1973.43
-2460.2	1403.76	974.478
-519.144	1863.25	1732.76
2343.6	-290.383	1668.49
1681	962.899	1071.74
1037.56	-1506.65	1718.74
1934.77	-1532.1	1201.07
675.942	1626.2	1148.22
2282.61	-1468.57	1342.96
392.978	-375.181	1499.9
-2150.27	-1644.52	1089.03
-663	1635.76	1827.85
-1339.12	-2138.68	1296.05
729.836	293.083	1317.16
2330.43	-2291.14	1602.54
1152.72	1370.94	1600.3
2482.83	-2029.34	1500.11
-1022.31	1803.53	1576.64
775.288	-20.9863	1608.67
100.314	-1141.85	1135.62
-2077	-2224.29	1979.78
296.626	-2152.96	1705.32
703.598	2246.25	1456.67
-876.733	-1017.49	1461.57
-1463.19	-301.91	1709.08
-2129.3	673.448	964.427
-1829.87	500.942	1815.49
2154.19	-1726.77	1728.69
1532.92	-821.873	1781.6
-1365.55	287.087	1253.26
-611.057	-6.22889	1432.23
-980.738	-1371.92	1746.66
2147.37	564.039	1144.32
28.6068	-1295.44	982.316
221.302	-57.0125	1352.77
59.2025	1178.28	1712.44
-1218.1	667.808	1069.6
-1836.91	-1161.02	1457.48
-1411.16	-454.647	1650.2
44.6761	-810.015	1874.89
-2356.34	-2002.16	978.932
1062.23	465.451	1732.91
1164.76	478.123	959.765
2003.05	-2182.99	1056.85
-1638.33	1249.96	1297.19
1042.29	1210.82	1331
-821.977	-815.545	1599.42
1995.24	2088.66	1695.06
-1378.74	-786.817	1266.49
2411.34	109.309	1094.28
1866.07	957.422	1823.31
422.014	1270.56	1594.92
137.678	-751.187	1422.06
391.066	-1568.82	1641.76
-398.611	2166.52	1919.97
1998.72	1075.51	1758.16
2404.04	1494.16	1381.41
-1387.45	-2354.48	1632.64
1631.63	-741.097	955.1
-1743.54	1821.85	1978.86
-211.763	1086.42	1403.6
958.982	-314.824	1356.69
-286.793	-2399.33	1989.84
2333.15	-618.137	1036.18
753.162	87.2786	1412.46
-1964.98	-248.047	1805.31
-645.55	-739.263	979.789
1683.5	1754.27	1822.39
-1108.43	2051.95	1756.87
-2034.84	1869.45	1037.74
2276	1775.55	1451.58
1063.14	353.65	1921.09
592.41	-1729.45	1904.46
1802.51	1205.74	1528.79
-75.4797	-943.575	983.03
1026.94	-601.976	1834.75
2130.82	1723.79	1563.59
378.864	-166.294	1987.28
1327.21	2349	1238.49
2110.07	-2351.84	954.119
-1873.83	1870.4	1073.45
1539	774.495	1873.99
1599.33	1081.65	1787.21
-1591.27	1696.06	1701.12
-1904.06	-2219.45	1965.25
-386.994	1454.2	1840.42
1335.14	215.993	1520.48
-2010.4	2117.39	1030.39
33.3022	-1715.28	1096.57
-936.249	1068.37	1015.28
1776.8	2361.78	1528.72
1491.61	1315.62	1987.81
2023.79	-1796.37	1207.11
-1039.23	1363.01	1200.28
-1916.08	-386.257	1793.07
840.928	-2286.32	1702.63
576.952	930.091	1966.11
1062.64	941.793	1827.26
913.686	908.976	1493.47
-2470.37	812.654	1353.43
2060.92	401.818	1666.77
2037.79	1547.3	973.302
1917.59	848.193	1560.21
2189.29	-1780.25	1081.53
-880.834	-951.438	1448.94
1980.12	1755.11	1126.1
-2380.78	-1117.3	1195.28
857.347	1205.77	1968.82
1622.2	2091.14	1247.15
-1931.98	123.623	1620.32
592.752	-1745.22	1130.39
-1792.66	-2085.3	1472.95
-2199.89	1406.65	1775.2
-528.215	43.851	1248.66
887.559	-108.106	1597.64
1114.92	2436.95	1152.54
476.859	1186.87	1165.44
-259.782	955.638	1460.08
1847.97	430.963	1782.54
211.683	1133.06	1220.83
269.969	-1257.31	1426.61
-1112.53	307.529	1173.61
1395.69	-1639.53	1268.74
1570.99	652.32	1069.32
-823.675	-1124.38	1124.51
412.21	-387.025	1589.26
-329.711	-1241.61	1123.11
-2017.74	2121.33	1227.19
2426.26	-1709.35	1733.41
728.969	2291.16	1571.94
-2436.72	-772.715	1791.05
1683.32	-2364.02	1992.44
-1209.12	2378.29	1471.96
-1059.64	-116.794	1962.67
1392.66	-1107.68	1650.11
428.838	8.44892	1029.01
-24.0077	2240.09	1153.7
1641.82	-780.461	1072.05
358.705	1873.16	1101.65
-2288	-1883.99	1085.85
838.635	-928.825	987.201
-175.635	2012.76	1073.3
190.662	-1.0946	1409.09
-1756.61	681.935	1642.8
1343.3	-139.24	1864.76
6.66383	664.909	1186.77
844.172	-1224.13	957.933
2387.66	-878.13	1726.31
842.969	-642.571	1642.72
1136.12	-1439.4	1639.22
-469.599	-1395.26	1697.47
479.706	1230.65	1391.77
1600.78	-2344.57	1142.25
1660.59	1373.53	1365.67
824.329	-1368.92	1319.38
2412.55	-324.775	993.448
-2180.75	1583.36	1645.03
-1031.8	436.506	1319.37
-1657.29	-1482.85	952.313
94.0203	371.922	1301.34
-1462.42	331.018	965.593
2197.86	-1403.28	1454.71
1128.98	948.911	1654.06
1726.99	-830.813	1123.12
1371.29	-650.539	1780.7
-1799.61	559.835	1563.47
1687.12	-2313.42	1366.52
2093.85	-431.973	1359.33
444.883	1008.51	1451.75
2091.76	-1934.62	1475.35
1375.1	-396.853	957.469
364.62	-2351.9	1260.24
-1289.92	1485.09	1716.77
-599.185	1863.75	1093.57
631.285	23.0523	1112.37
-670.577	-1592.23	1921.66
331.365	1711.57	1395.98
1540.77	1001.23	1274.29
537.991	-2339.07	1317.05
2366.54	858.127	1656.42
-982.675	1294.35	1133.15
-2157.25	1957.03	1024.78
2127.88	-198.281	1071.71
-1308.17	-17.5405	1907.25
-1555.25	405.606	1118.49
-1496.45	1339.97	1366.99
1454.73	686.585	1262.1
2373.35	-2434.28	1221.97
1318.96	-2271.26	1103.28
1252.29	-124.043	1160.6
-1053.77	578.725	1504.34
449.988	-113.921	1244.19
636.849	211.621	1411.98
1250.08	1683.35	1628
2400.72	746.63	1513.86
-874.299	-1358.98	1821.67
-1722.58	-1317.29	1103.64
1453.74	-268.808	1693.75
102.061	-297.813	1105.48
326.836	1746.41	1692.56
-1837.17	-1615.81	1894.75
2130.28	-253.414	1348.31
572.508	-2156.4	1662.56
1669.09	494.322	1819.88
-935.441	-292.733	1345.36
843.759	1206.62	1563.13
843.963	647.547	1106.56
-1399.64	1495.6	1714.45
-1585.59	-1384.01	1914.53
892.06	1820.71	1221.07
-1376.31	377.296	1538.53
1665.14	62.2494	1295.52
-863.235	-2324.02	1389.28
-650.494	1870.87	1801.48
1130.01	1124.42	1680.75
965.288	1393.52	1796.51
933.601	980.463	1290.1
708.641	-1174.03	1581.29
-1281.51	-2481.18	1232.4
-2010.82	54.4525	1925.47
-1435.52	1514.23	1862.98
-170.888	258.237	971.115
153.055	1605.81	1155.93
1807.7	-126.645	1599.49
767.904	-974.34	1287.08
-1842.22	2397.52	1917.22
87.7793	-868.731	1256.8
-1979.36	1694.18	1360.62
-1520.93	-1191.74	1957.85
2118.73	2332.27	1384.34
-1376.4	-650.671	1231.54
-598.851	1838.95	1578.46
-53.1354	2491.78	1978.82
1295.61	-1593.15	1369.96
-259.271	-2472.85	1966.99
489.775	686.861	1145.49
737.278	-2291.54	1098.08
2101.01	1639.94	1920.54
-13.2026	991.65	1436.73
-1916.62	-1421.8	1638.16
-360.14	1297.06	1843
598.933	-486.86	1948.45
-1389.1	1412.91	1250.4
1537.11	1247.11	1396.9
-1195.57	-1621.16	1336.6
-2447.57	2196.52	1147.12
865.639	1318.33	1335.3
-964.663	-1820.78	1740.45
-746.345	-1200.41	1908.4
1298.79	-1471.11	1917.61
-814.03	-1943.58	1432.1
-1262.43	-1274.85	1135.86
-590.24	-1483.71	1520.29
-1575.04	-1816.05	1967.84
-1251.7	2080.41	1262.53
-352.889	1956.07	1343.68
-560.491	-1677.98	1503.28
-1646.9	1957.04	1701.37
-1535.98	88.0761	1830.37
-1838.84	-409.85	1258.48
1856.02	1015.48	1994.25
-1969.3	1087.3	1546.94
622.259	595.813	1633.76
-1230.31	798.128	1411.99
1219.61	-1490.14	973.822
2423.93	2396.97	1669.39
-2331.99	1346.89	1111.91
1966.91	-1199.52	1650.53
1489.5	-783.33	1669.96
500.676	-2403.3	1075.87
-2222.02	127.647	1094.55
1764.52	-1459.03	1050.83
1876.4	-1114.27	1031.43
-1105.79	545.098	1207.36
1766.5	2199.37	1675.6
-402.443	-251.872	1279.08
2427.34	1507.65	1246.82
729.397	661.764	991.992
-1091.61	-1714.86	1917.63
55.6663	1813.46	1311.57
-729.209	-1162.85	1574.72
-1628.52	-972.765	1941.16
-1947.72	2046.52	1149.04
705.501	263.732	1217.43
-1825.42	2069.02	1914.97
1880.45	-1878.84	1898.43
-2049.11	-1012.09	1524.61
-1517.61	-727.353	954.124
-1811.92	-1026.83	1405.85
659.927	1751.85	1523.14
162.899	1983.51	1386.53
2286.9	1866.37	1100.65
-1126.32	-1099.25	1455.58
1398.07	240.323	1021.8
1009.07	2.26991	979.075
-129.076	758.623	1964.09
-1112.43	-700.843	1624.86
803.411	-539.064	1216.6
2121.85	613.965	1652.74
-336.383	520.658	1900.85
-1991.66	-1408.44	1911.39
-2088.35	-189.274	1460.86
657.664	-545.272	1491.32
-812.746	-1673.21	1506.74
1647.02	-1529.82	1223.44
-212.081	1819.7	1612.29
2044.26	-905.341	950.105
1583.93	1017.88	1823.69
-1909.97	-2143.39	1437.16
-348.327	-2303.15	1049.2
1978.18	904.874	1700.34
1510.18	-1462.98	986.402
347.137	786.979	966.192
1307.95	191.408	1001.38
2415.14	-932.327	1590.66
1829.87	1679.24	1330.82
-1495.26	-1335.01	1659.81
1180.35	-140.54	1528.54
-1712.76	743.757	1953.1
-1326.97	932.937	1955.03
-2429.13	524.822	1356.7
795.644	1340.29	1435.46
27.1502	2134.46	1523.67
1786.84	-733.644	1137.38
-1244.95	1238.86	998.831
2128.34	-1138.94	1039.6
236.273	1876.38	1999.81
-532.179	507.096	1071.75
386.34	-14.9995	1946.97
950.638	-1452.31	1025.95
1309.25	-990.723	1478.69
-656.515	1032.17	1685.02
1332.9	-1274.76	1069.26
483.618	2326.02	1813.56
297.373	-395.94	1125.75
-2071.38	-1633.15	1849.09
-2469.8	-1742.51	1793.32
-1099.18	-1009.03	1506.05
-1661.54	1619.65	1256.25
-843.058	-492.224	1065.65
1309.27	47.5513	1409.5
-1217.14	1173.11	1679.49
1804.61	1774.59	1331.13
2280.41	101.438	1187.5
-1739.19	48.9527	1258.39
-553.788	-2398.67	1384.77
-2168.52	921.96	1710.67
-850.409	1988.45	1154.24
708.53	1058.31	1141.31
-1020.16	-859.77	1575.42
-294.823	979.472	1303.35
-190.213	-1425.64	1481.21
-2498.2	596.372	995.174
968.516	1586.02	1543.14
2243.97	2107.74	1450.76
-1284.69	-1518.49	1651.77
-2003.78	466.523	1095.97
-2402.62	-1724.57	1103.24
-887.989	1239.27	957.18
-1823.49	367.935	1011.31
-1102.6	-1210.04	1881.82
273.347	-320.392	1456.26
627.453	-1727.31	1629.96
579.835	1579.33	1934.53
599.68	2168.85	1611.23
-2313.45	-1687.53	1526.65
1905.71	-1649.46	1522.28
-748.737	121.808	1798.68
1913.24	-521.724	1491.21
1888.28	-2147.77	956.28
2350.05	30.566	1249.25
-1518.01	-2166.41	1826.57
-1824.42	1769.99	1949.42
-537.599	95.9554	1385.59
-2021.54	-1930.67	1465.93
605.378	-401.142	1445.12
1572.05	2413.09	967.932
-43.0257	-2086.46	1239.83
-2361.63	-1737.37	1997.4
-26.4043	1949.39	1934.54
1944.45	1164.17	1291.71
-783.776	1354.44	1578.59
-1175.21	-427.328	1762.3
1080.78	1750.83	1962.76
-254.438	-1590.32	1528.29
1952.95	571.429	1306.73
1306.91	1650.51	1972.81
2150.11	2000.86	1575.81
484.046	1914.36	1514.07
-622.429	104.896	1398.47
2139.46	1738.19	1574.05
929.673	1305.24	1400.45
1168.86	-2486.91	1749.6
2363.58	1015.64	1576.03
1100.75	431.012	1173.21
186.414	1415.56	1788.94
922.594	-185.08	997.485
1995.6	-472.482	1050.27
-750.872	2255.87	1155.01
132.658	-333.233	1515.93
1231.73	-1746.39	1298.06
-2494.72	1776.37	1802.42
-1073.65	1484.46	1482.28
757.741	272.729	1610.83
1213.39	-276.275	1708.45
608.217	1854.61	1646.88
-1151.37	-63.6078	1896.03
1391.06	-702.97	1106.64
-1688.48	2273.4	1121.48
-458.768	2310.68	963.986
-2350.63	810.225	1496.16
-2257.87	-1674.66	1664.85
589.04	-1864.75	1254.71
-2014.27	1471.55	1064.43
-2306.34	-1749.71	1667.37
2291.41	856.02	1303.31
665.859	-1945.37	1715.19
2008.37	1923.13	1832.43
1834.11	861.178	1641.09
1348.63	-1904.3	1239.44
-2134.57	-1097.22	1535.37
-776.204	-1971.33	1613.19
-604.846	2199.92	1745.48
-1571.61	846	1981.39
970.179	1406.34	1896.85
2452.77	1301.91	1800.71
1339.31	928.754	1484.47
683.548	-1953.68	1424.45
291.58	253.33	1978.03
-555.341	-190.343	1929.37
-953.31	568.325	1013.76
123.684	-1403.85	1354.81
-2148.26	-895.667	1567.48
-1572.95	2358.18	1769.43
2139.08	750.271	1283.48
-1961.41	948.108	1928.25
940.576	-661.27	1144.77
61.6956	-1815.04	966.87
444.433	1201.26	1756.72
686.996	-73.0506	1309.35
-1521.93	1918.52	1786.59
1641.68	2301.04	1792.01
-2075.18	1478.99	1973.49
2362.74	-1173.03	1532.85
2454.79	-1397.53	1905.95
-1814.74	1651.65	1268.73
625.5	1373.82	1386.25
1982.44	1108.38	1914.38
1135.97	1129.53	1917.38
-581.586	-1391.35	1668.54
1745.79	1353.88	1248.99
395.205	1765.05	1123.33
-1701.21	-308.698	1886.7
-485.606	666.007	1067.56
2147.8	2372.88	1932.72
-1226.59	-2107.6	1840.79
625.492	-676.345	1833.1
-648.306	-1431.05	1301.77
-1876.64	82.2359	1898.7
289.662	-2367.18	1172.62
1842.92	561.43	1873.17
-1862.41	-1513.14	1228.13
-1139	1196.47	1368.17
2439.91	340.948	1997.38
2025.85	-929.114	1986.72
453.455	465.698	1785.52
-460.029	-507.692	1746.83
1306.18	-2361.26	1493.67
1041.3	2213.12	1122
1177.14	-1792.78	1263.32
2347.73	1180.96	1332.19
238.082	-171.797	1805.16
121.894	-2301.97	1637.33
1220.66	92.5691	1902.1
585.97	156.655	953.826
2278.35	-8.65628	1996.23
-2096.29	-1107.71	1030.85
-1451.2	-39.7888	1289.98
623.468	-1318.03	1437.4
564.797	1260.2	1840.79
1397.56	-1242.47	1988.97
-113.597	-1351.82	1075.6
-118.998	-1483.62	1590.89
-91.785	330.34	1499.67
-669.113	-1316.96	1757.02
-2048.94	-361.835	1867.32
673.665	2167.01	1504.04
-1982.33	-1877.17	1616.96
-139.799	1146.2	1779.95
1107.48	-322.115	1276.93
297.053	-200.922	1919.51
831.98	-1166.16	1536.99
668.037	1924.95	971.724
1027.88	1938.66	1812.3
-1972.25	-825.976	1017.38
67.1633	339.158	1008.74
906.266	-811.904	1919.57
-2334.57	71.0981	1852.71
860.098	858.161	1133.15
371.792	-932.035	1523.07
-867.213	-1990.12	1188.58
-657.787	885.034	1096.71
-159.036	-2076.63	1299.52
-2093.77	132.022	1029.81
-872.39	496.585	1823.88
1495.81	-2217.19	1532.08
-863.574	939.172	1871.95
651.679	-1105.44	1324.65
2011.05	1869.5	1786.9
1916.52	612.053	1200.25
980.588	-2433.4	1237.42
-1865.09	1849.44	1903.67
-1892.22	1924.07	1331.24
2057	-1846.15	1353.43
2351.14	38.9428	1447.06
-506	-965.46	1498.29
-1273.27	520.853	1966.44
-2292.55	-1920.82	953.975
-1304.76	1615.56	1134.18
1329.03	2324.48	1029.61
1648.5	1986.51	1047.77
-1353.28	1557.91	1815.23
-718.318	-1717.64	1815.18
-1507.03	-359.598	1821.12
-370.249	-590.123	1377.21
1616.41	-39.405	1803.37
-83.3979	-1387.81	1357.18
1700.62	-2428.58	1185.57
-366.337	-2087.73	1951.61
1100.92	896.251	1843.86
228.857	762.885	1242.22
-1655.94	-55.6623	1449.01
2027.38	-2224.46	1075.32
-307.714	-1510.68	1217.62
1287.7	392.621	1393.74
-1365.56	262.383	1521.55
-1725.21	2399.02	1353.29
2299.13	-2336.05	1793.45
798.681	-2184.37	1647.83
1271.04	-156.168	1066.8
-93.5096	2030.34	1560.53
-1254.01	1780.11	1673.15
-386.508	856.099	1100.52
2228.75	1082.11	1969.09
-429.196	-1319.86	971.912
-833.563	578.714	1331.6
2143.76	1583.32	1733.25
1397.35	-2104.3	1584.11
-1742.22	746.392	1524.34
1985.98	-909.543	1178.91
-2155.79	1259.44	1027.25
1423.5	2204.55	1628.29
978.979	788.651	1011.96
-161.013	-1607.11	1310.02
555.774	-387.766	1838.5
-1108.01	1261.86	1487.12
265.852	763.411	1507.78
2466.73	1856.39	1744.14
-428.145	342.147	1626.65
-1308.87	-260.668	1072.14
847.905	-337.468	1946.91
-432.527	-1028.3	1839.88
2486.74	-1204.94	1745.99
1317.79	2217.47	1432.7
654.251	-774.336	1389.49
-1506.69	1985.8	1735.39
-771.715	-996.433	1363.97
-1928.49	328.438	1702.77
1882.34	1553.32	1790.3
-1558.02	1466.21	1638.01
-101.596	-1502.89	1773.26
108.484	-835.497	1187.39
-1539.5	2245.24	1605.81
-789.417	526.427	1326.48
-1003.87	-477.715	1934.09
1746.58	-1030.88	1170.02
-538.612	-1267.53	1964.11
-754.245	313.754	1102.49
-1269.38	-1050.75	1613.06
-300.41	1421.13	1254.39
1389.82	929.807	1451.03
1306.1	711.796	1057.57
884.717	1804.07	1428.18
1305.21	-2269.41	1344.13
2030.58	623.549	1057.78
1425.59	367.944	1211.82
-2060.33	581.416	1371.94
315.713	2470.99	1380.37
-1190.12	-1269.31	987.043
-777.93	-2472.12	1065.48
-1799.96	1465.06	1477.06
2486.41	922.388	1042.88
-763.719	534.203	1012.54
2188.15	-1460.36	1965.42
720.383	580.54	1544.18
1103.6	-1386.5	1628.19
-350.28	-864.148	1027.11
2485.74	-1451.14	1390.47
-1452.92	-886.341	1054.67
-508.641	325.77	1916.76
-2162.37	1163.49	1434.02
-879.464	-16.0179	1584.23
607.975	-1942.57	1220.71
-1652.29	-1393.68	1030.07
542.3	-2439.26	1808.98
2144.97	140.944	955.892
1630.44	1897.46	1369.27
1418.63	-1488.37	974.764
-1821.9	2417.28	1953.21
-2062.54	636.127	1535.86
564.557	2241.5	1664.35
683.627	557.694	1369.8
-725.499	-43.5222	1289.75
-223.627	1821.82	1554.31
-1858.39	-1099.78	1412.32
-1343.11	773.801	1276.65
-1651.38	445.909	1155.74
2041.73	-450.113	1763.3
-1142.64	-780.007	1014.32
-1981.78	508.14	1989.79
2475.78	722.476	1963.17
-1558.3	-522.621	1507.81
-1869.96	62.3285	1839.3
-2253.58	1876.82	1192.75
1399.62	-73.0108	1511.47
-927.402	1165.06	1283.07
-358.314	-1342.72	1778.4
2261.04	-1856.17	997.383
-1696.4	1558.29	1747.62
-2205.72	-1985.6	1874.95
-2292.9	1093.12	969.655
1202.84	-338.594	1070.34
414.744	1581.77	1217.56
319.676	2200.09	1545.57
1712.61	2401.31	1832.14
-1317.43	-17.0341	1713.8
2025.82	-2396.04	1068.86
1378.39	433.959	1678.87
1261.83	-386.668	1850.13
-1819.58	-2165.97	1398.64
390.894	385.164	1721.35
-1027.89	2410.93	1692.14
1223.72	-993.103	1269.02
-1630.13	724.475	1429.54
-2034.29	656.484	1115.3
-484.654	-1691.7	1218.49
-1544.04	655.612	1026.38
2446.46	-1536.49	1387.27
1517.01	2110.44	1315
-1808.99	656.012	1875.3
-728.58	-160.842	1976.73
1314.28	-1097.48	1099.34
-1117.76	-1588.42	1165.13
-1836.57	-1422.3	1426.56
1576.37	-330.006	1596.39
2435.5	2135.62	1667.23
-1347.5	-493.616	1238.43
639.521	42.1983	1733.82
-2217.6	-811.322	1912.2
2142.59	-1223.46	1890.74
2358.2	191.67	1301.96
-1854.64	-784.83	1443.02
-2163.96	520.488	1387.78
198.596	410.631	1166.34
1872.8	1382.53	1521.78
1818.93	-2134.65	1644.88
882.048	439.222	1300.54
1071.04	1445.79	1861.38
2439.68	1516.95	1962.82
147.003	-1703.83	1696.5
-664.282	887.587	1597.06
171.705	1284.34	1414.29
1962.41	-499.164	1856.84
74.5774	196.049	1703.09
1849.41	902.843	966.124
-1763.24	-1727.26	1408.33
-2153.35	1443.41	1501.47
511.938	-645.651	1349.1
-1606.49	-1667.94	1124.13
440.754	94.4901	1716.39
-1718.54	2414.79	1847.38
-1046.6	1951.99	1870.27
-2194.71	-1431.78	1625.98
2388.35	1075.11	1649.04
-2418.54	-1981.3	1845.87
-98.4696	729.166	1311.44
6.69664	865.226	1071.59
1336.56	-1638.45	1877.9
11.2934	-234.134	1210.07
-1187.11	210.497	1345.89
129.344	1374.61	1436.1
-391.208	-2368.33	1137.3
-1912.3	1687.76	1976.91
-1923.63	-753.786	1831.78
2285.94	1144.16	1260.26
594.905	2288.82	1194.78
2493.57	-1267.75	1036.67
-1630.69	54.6319	1575.81
1337.41	-1700.39	1300.26
1076.36	-1693.8	1132.09
-1547.95	2340.55	1835.16
1065.58	220.112	1744.34
1689.21	1236.25	1060.43
1653.33	1117.54	1640.65
797.687	2357.9	1720.27
2427.02	-1464.54	1536.34
-994.739	510.378	1626.46
-934.22	651.975	1224.65
1850.49	-791.853	1467.51
355.627	1952.71	1598.26
2374.27	2250.51	1003.72
-927.592	2023.77	1573.44
518.039	-1966.6	1886.49
-1322.66	-457.983	1750.7
621.064	-746.148	1017.59
1321.74	1043.7	1469.49
-2475.54	1201.25	1875.91
1221.12	2267.33	1773.29
1666.43	2044.9	1118.81
343.899	149.468	1625.63
-1112.56	60.5366	1748.84
1532.5	-1298.25	1545.34
-435.583	-1700.19	1337.15
2362.03	-1880.59	1565.59
-676.071	432.425	1134.59
102.176	1440.05	1023.59
1124.61	2061.27	1891.03
629.859	-662.584	1958.86
476.58	2029.91	1770.69
1501.06	-1771.48	1989.58
-1769.13	-2112.35	1419.01
582.371	-2170.5	1230.83
-2106.64	-2086.22	1772.18
-370.161	1341.58	1272.51
728.604	2189.58	1385.6
543.06	-369.31	1101.52
1733.12	-891.677	1779.83
-1028.25	1868.83	1082.94
-1025.42	1718.65	1951.54
-997.578	2251.68	1976.47
-1499.66	2399.75	1448.79
2374.87	2295.53	1566.34
-228.864	-961.394	1766.15
1450.28	-1134.8	1129.6
-1537.39	-1382.43	1016.79
-395.631	-729.392	979.487
188.195	1303.63	1937.08
1118.08	94.73	1079.81
2459.73	1648.65	1275.96
1049.56	-393.374	1978.49
-2378.12	1623.53	1280.54
620.132	103.364	1583.68
638.138	-1589.91	1139.16
-751.407	-2019.05	1694.1
